2 0.32633206037461354 0.6229314420803783 0.05848910328193639 0.09692671394799049
2 0.08680525645811202 0.6784869976359338 0.04920511863401002 0.1134751773049645
2 0.0803064672045635 0.8888888888888888 0.032493946267742456 0.07565011820330966
2 0.8309166259894144 0.3995271867612293 0.055703907887558586 0.11347517730496456
2 0.52361673414305 0.599290780141844 0.04084953245087632 0.08274231678487005
2 0.3305098534661805 0.8262411347517731 0.059417501746729114 0.07801418439716315
2 0.23117121773336777 0.9113475177304966 0.024138360084608727 0.059101654846335665
2 0.53243651955858 0.7884160756501183 0.0380643370564983 0.04491725768321515
2 0.041777930915668865 0.37943262411347517 0.04641992323963207 0.09692671394799056
2 0.15736353978235276 0.4196217494089835 0.0380643370564983 0.07328605200945625
2 0.1267263904441956 0.3380614657210402 0.028780352408571908 0.08037825059101653
2 0.2446329954728611 0.37470449172576836 0.026923555478986644 0.11111111111111115
2 0.32029747035346134 0.29550827423167847 0.06870148639465548 0.08510638297872344
2 0.460021439304754 0.1252955082742317 0.0343507431973277 0.07565011820330972
2 0.5059771633119897 0.17139479905437352 0.03899273552129088 0.06855791962174938
2 0.09469664340884945 0.15602836879432624 0.038992735521290955 0.09456264775413711
2 0.029708750873364533 0.12424480717796525 0.059417501746729065 0.21013922725163453
2 0.6638049023267388 0.46099290780141844 0.03342234473253512 0.05673758865248225
2 0.9706405949407068 0.18203309692671396 0.03806433705649837 0.047281323877068536
2 0.7571089480383992 0.2092198581560284 0.03249394626774247 0.09692671394799053
2 0.7468965649256802 0.3463356973995272 0.034350743197327775 0.07328605200945627
2 0.8169906490175248 0.23522458628841605 0.04270632938046148 0.06382978723404253
2 0.8337018213837922 0.18203309692671393 0.031565547802949824 0.05200945626477539
2 0.5718934543122672 0.19385342789598106 0.04456312631004686 0.05673758865248228
2 0.6545209176788123 0.21513002364066192 0.04641992323963209 0.06146572104018915
2 0.9734257903350848 0.491725768321513 0.03063714933815717 0.066193853427896
2 0.6243479675730516 0.6063829787234043 0.03806433705649837 0.07801418439716315
2 0.4674486270230951 0.466903073286052 0.04177793091566883 0.07801418439716308
2 0.36950258898747135 0.3971631205673759 0.027851953943779293 0.066193853427896
2 0.4256706961074262 0.3380614657210402 0.03063714933815717 0.066193853427896
2 0.4753400139738325 0.3664302600472813 0.03527914166212035 0.052009456264775406
2 0.545434098065677 0.3203309692671395 0.03992113398608368 0.06382978723404253
2 0.5890688259109311 0.3144208037825059 0.01949636776064544 0.033096926713948
2 0.020888965457834432 0.7919621749408984 0.023209961619816036 0.052009456264775336
2 0.04177793091566888 0.9278959810874704 0.018567969295852846 0.04491725768321515
2 0.6605555076999646 0.5721040189125296 0.019496367760645512 0.0472813238770685
2 0.1513289497612006 0.21276595744680854 0.020424766225438092 0.028368794326241124
2 0.160612934409127 0.053191489361702135 0.02228156315502343 0.04491725768321514
2 0.24602559317005002 0.1099290780141844 0.029708750873364522 0.04018912529550826
2 0.33654444348733265 0.15130023640661938 0.026923555478986644 0.08983451536643025
2 0.31379868109991294 0.06028368794326241 0.04084953245087622 0.04018912529550828
2 0.5398637072769212 0.0921985815602837 0.045491524774839434 0.061465721040189124
2 0.6373455460801486 0.13711583924349882 0.036207540126913004 0.05200945626477545
2 0.9033317062432404 0.14184397163120568 0.014854375436682119 0.04255319148936172
2 0.814669652855543 0.533096926713948 0.04920511863401003 0.049645390070922064
2 0.698619844756463 0.7494089834515367 0.02320996161981597 0.033096926713948135
2 0.4530584508188092 0.5200945626477541 0.024138360084608693 0.042553191489361805
2 0.8982255146868809 0.3877068557919622 0.03249394626774247 0.066193853427896
2 0.9362898517433791 0.4716312056737588 0.02878035240857173 0.06855791962174934
2 0.8402006106373406 0.7151300236406619 0.022281563155023464 0.07801418439716315
2 0.9511442271800614 0.7505910165484633 0.02135316469023081 0.06382978723404265
