2 0.583951762523191 0.5878639993546826 0.017625231910946084 0.041421311607646914
2 0.7319109461966604 0.48431072033556505 0.027829313543599313 0.0700976042590949
2 0.7741187384044528 0.5830846172461079 0.021335807050092654 0.044607566346696784
2 0.6832096474953618 0.6324715657013794 0.017625231910946157 0.054166330563846114
2 0.4058441558441558 0.6037952730499314 0.015769944341372976 0.054166330563846114
2 0.5185528756957329 0.6292853109623295 0.01855287569573285 0.05416633056384619
2 0.5310760667903526 0.5830846172461079 0.017625231910946084 0.057352585302895706
2 0.5473098330241187 0.5878639993546826 0.01484230055658621 0.047793821085746445
2 0.3668831168831169 0.5448495603775106 0.013914656771799656 0.06372509478099544
2 0.30890538033395176 0.6022021456804066 0.022263450834879493 0.057352585302895914
2 0.3715213358070501 0.6675203678309269 0.021335807050092727 0.047793821085746514
