2 0.6771799628942486 0.5623739614422845 0.0371057513914657 0.08602887795434377
2 0.13172541743970315 0.5289182866822618 0.03153988868274583 0.1019601516495927
2 0.0598330241187384 0.4540413003145922 0.026901669758812616 0.10514640638864237
2 0.20779220779220775 0.6499959667661531 0.05009276437847866 0.1401952085181898
2 0.29406307977736545 0.4970557392917641 0.03525046382189242 0.07647011373719444
2 0.2551020408163266 0.5878639993546827 0.027829313543599278 0.07965636847624431
2 0.6349721706864564 0.3042873275792531 0.14378478664192954 0.1688715011696379
2 0.37894248608534326 0.5161732677260628 0.017625231910946226 0.07009760425909498
2 0.225417439703154 0.4779382108574655 0.08719851576994436 0.11470517060579169
2 0.34137291280148424 0.3966887150116964 0.042671614100185454 0.06691134952004518
2 0.4633580705009277 0.38872307816407203 0.06771799628942482 0.1593127369524885
