1 0.18037785346097202 0.6325478645066274 0.0630829651448208 0.05449189985272454
1 0.29323722079037795 0.6590574374079529 0.12912294428080506 0.07511045655375546
1 0.434188221035837 0.4712812960235641 0.13306562960235638 0.1119293078055965
1 0.8328922741777118 0.4263622974963181 0.30752945508100293 0.16347569955817354
1 0.6884914242758958 0.5073637702503682 0.08969609106529206 0.069219440353461
1 0.8849046545164453 0.6008836524300442 0.23019069096710837 0.09131075110456535
1 0.726932606161021 0.6509572901325478 0.12320891629847822 0.04123711340206178
1 0.5352195324005891 0.4513991163475699 0.061111622484045114 0.07511045655375553
1 0.40412524545900835 0.40795287187039764 0.06111162248404518 0.07069219440353457
1 0.4642511966126656 0.6973490427098673 0.11433787432498775 0.05743740795287195
1 0.5573971373343152 0.6251840942562592 0.06998266445753565 0.1575846833578793
1 0.11187369599901817 0.7106038291605301 0.07195400711831125 0.05743740795287195
1 0.16509994783996074 0.5397643593519882 0.14489368556701032 0.0721649484536082
1 0.5209272981099656 0.36082474226804123 0.06603997913598433 0.05596465390279832
1 0.054211923171330376 0.40795287187039764 0.05322625184094255 0.038291605301914514
1 0.05569043016691213 0.6516936671575846 0.030555811242022585 0.03092783505154635
1 0.01724924828178694 0.5022091310751106 0.02661312592047128 0.04418262150220919
