1 0.2214653902798233 0.5147275405007363 0.0806332842415317 0.04860088365243009
1 0.3838365243004418 0.48232695139911635 0.08505154639175252 0.06332842415316633
1 0.5362665684830633 0.38659793814432986 0.06958762886597938 0.060382916053019146
1 0.49539764359351984 0.32474226804123707 0.05191458026509565 0.04270986745213548
1 0.5578055964653903 0.32326951399116355 0.06406480117820322 0.0633284241531664
1 0.15850515463917525 0.5294550810014728 0.05412371134020615 0.0633284241531664
1 0.2308541973490427 0.38217967599410896 0.08836524300441823 0.05449189985272454
1 0.31424889543446244 0.3652430044182622 0.04528718703976434 0.04712812960235646
1 0.8433357879234168 0.5036818851251842 0.18667157584683353 0.09131075110456557
1 0.6058541973490427 0.5530191458026511 0.08063328424153163 0.05154639175257735
1 0.8952503681885124 0.3843888070692194 0.14469808541973492 0.0824742268041237
1 0.6969808541973491 0.3350515463917526 0.08394698085419748 0.1075110456553756
1 0.6417525773195876 0.38659793814432986 0.06848306332842405 0.060382916053019146
1 0.573821796759941 0.4823269513991164 0.22422680412371135 0.08689248895434468
1 0.45342415316642115 0.5338733431516937 0.09609720176730484 0.05743740795287188
1 0.13420471281296023 0.31222385861561114 0.05412371134020619 0.04712812960235638
1 0.34849042709867445 0.28276877761413843 0.051914580265095725 0.03534609720176728
1 0.06682621502209131 0.3225331369661266 0.038659793814432984 0.11192930780559646
1 0.2126288659793814 0.4609720176730486 0.058541973490427106 0.04418262150220911
1 0.017673048600883652 0.4662084733965821 0.035346097201767304 0.033709710055142
