2 0.20918367346938777 0.564737226213191 0.030612244897959186 0.12086626981684531
2 0.27504638218923927 0.5626533250094523 0.060296846011131715 0.14170528185423237
2 0.3715213358070501 0.7439527297347204 0.0417439703153989 0.12920187463180027
2 0.25788497217068646 0.3417597974131488 0.05380333951762527 0.13336967703927757
2 0.36549165120593685 0.3084173781533294 0.08905380333951761 0.1500408866691873
2 0.4967532467532467 0.6981069032524685 0.04359925788497215 0.1458730842617097
2 0.6535250463821892 0.8439799875141785 0.032467532467532506 0.09585945537198072
2 0.6679035250463824 0.5126396961197233 0.02411873840445267 0.09169165296450338
2 0.37662337662337664 0.535562609360849 0.02411873840445267 0.0875238505570259
2 0.41558441558441556 0.46262606722999405 0.01669758812615953 0.07502044333459366
2 0.4842300556586271 0.4084446359327876 0.025974025974025993 0.10002725777945813
2 0.5185528756957328 0.39594122871035536 0.020408163265306173 0.0750204433345936
2 0.15816326530612249 0.5459821153795427 0.015769944341372924 0.09169165296450345
2 0.21753246753246758 0.7168620140861169 0.02133580705009276 0.07502044333459366
2 0.8116883116883116 0.41678024074774245 0.03339517625231892 0.15004088666918725
2 0.7741187384044528 0.5897440406580556 0.04174397031539897 0.1542086890766646
2 0.8371985157699444 0.6314220647328298 0.021335807050092654 0.15420868907666466
2 0.7439703153988867 0.8481477899216558 0.057513914656771734 0.12086626981684531
2 0.8065862708719851 0.8168892718655753 0.04359925788497208 0.12503407222432272
