2 0.231010659297276 0.7802013422818791 0.07793130675088833 0.13758389261744966
2 0.4012534544018951 0.7768456375838926 0.14936833793920257 0.26510067114093955
2 0.8317311488353732 0.27181208053691275 0.05102645084879597 0.12080536912751676
2 0.014844058428740623 0.7837434679069775 0.029688116857481246 0.11707682257530677
2 0.3084780892222661 0.9211409395973155 0.0361823924200553 0.11744966442953028
2 0.12988551125148048 0.27684563758389263 0.05566521910777734 0.10402684563758392
1 0.080250690880379 0.8640939597315436 0.14194630872483222 0.09060402684563741
1 0.2282273983418871 0.9530201342281879 0.11318594551914725 0.09395973154362408
1 0.6280892222660878 0.8204697986577182 0.15957362810896178 0.11744966442953014
1 0.7714271614686143 0.8221476510067114 0.11040268456375842 0.11409395973154361
1 0.5019147256217924 0.9530201342281879 0.1020529016975918 0.07382550335570472
1 0.3288886695617845 0.17114093959731544 0.054737465455981106 0.09395973154362416
1 0.4870706671930518 0.15771812080536915 0.04453217528622188 0.10067114093959734
1 0.6475720489538099 0.13087248322147652 0.04638768258981443 0.087248322147651
