2 0.4976808905380334 0.4333306445107688 0.030612244897959117 0.07009760425909498
2 0.6859925788497216 0.47953133822699046 0.03246753246753244 0.060538840041945645
2 0.5705009276437848 0.32181172864402685 0.024118738404452743 0.057352585302895914
2 0.6201298701298701 0.4667863192707913 0.019480519480519546 0.04142131160764705
2 0.6219851576994434 0.5305114140517868 0.023191094619666116 0.04779382108574666
2 0.7922077922077922 0.4365168992498185 0.022263450834879562 0.050980075824796384
2 0.7207792207792209 0.39509558764217145 0.014842300556586282 0.04460756634669685
2 0.651669758812616 0.46200693716221664 0.02504638218923944 0.057352585302895914
2 0.725417439703154 0.4731588287488908 0.03339517625231906 0.07965636847624424
2 0.19990723562152135 0.38872307816407203 0.03246753246753244 0.07647011373719444
2 0.12244897959183673 0.48749697507461476 0.040816326530612235 0.08284262321529404
2 0.16883116883116883 0.4731588287488908 0.04267161410018554 0.0924013874324433
2 0.22773654916512057 0.46519319190126646 0.02133580705009276 0.050980075824796384
2 0.26716141001855287 0.4683794466403162 0.03153988868274581 0.08284262321529404
2 0.3246753246753247 0.5305114140517868 0.027829313543599278 0.07965636847624424
0 0.012059369202226342 0.47333583614850633 0.024118738404452684 0.0474398062865157
