2 0.12801484230055657 0.5336976687908366 0.06493506493506493 0.18161652012583696
2 0.2755102040816326 0.3711986770992982 0.02782931354359924 0.041421311607646984
2 0.3436920222634508 0.3791643139469227 0.013914656771799656 0.03186254739049772
2 0.3914656771799629 0.347301766556425 0.007421150278293141 0.03186254739049772
2 0.4225417439703154 0.3488948939259499 0.026901669758812544 0.06691134952004521
2 0.5222634508348795 0.3711986770992982 0.011131725417439781 0.03504880212954752
2 0.635899814471243 0.42377188029361945 0.028756957328385867 0.044607566346696714
2 0.6094619666048238 0.31703234653545215 0.03710575139146563 0.041421311607646984
2 0.46382189239332094 0.415806243445995 0.01113172541743971 0.041421311607646984
2 0.413265306122449 0.4365168992498185 0.008348794063079765 0.019117528434298592
2 0.19387755102040813 0.45722755505364204 0.018552875695732815 0.041421311607646984
2 0.08766233766233766 0.55440832459466 0.01391465677179962 0.050980075824796384
2 0.7523191094619665 0.3998749697507462 0.051948051948051986 0.07328385899814471
2 0.7012987012987011 0.3106598370573526 0.007421150278293141 0.022303783173348465
