1 0.07794432548179872 0.12708333333333333 0.0649536045681656 0.1625
1 0.17583868665239116 0.12291666666666667 0.03990007137758745 0.17083333333333336
1 0.24589578872234122 0.22291666666666668 0.05196288365453249 0.1375
1 0.3062098501070664 0.8604166666666668 0.08536759457530337 0.1291666666666667
1 0.6722698072805139 0.8750000000000001 0.09743040685224841 0.10833333333333343
1 0.038508208422555326 0.8002314726511639 0.07701641684511065 0.24953705469767257
1 0.10392576730906494 0.6250000000000001 0.046395431834404005 0.11666666666666664
1 0.1925410421127766 0.6416666666666667 0.01948608137044971 0.13333333333333336
1 0.3702355460385439 0.15416666666666667 0.03897216274089928 0.10833333333333335
1 0.7047466095645967 0.6895833333333334 0.0640256959314776 0.1875
1 0.707530335474661 0.13541666666666669 0.12155603140613865 0.17916666666666667
2 0.4379728765167738 0.6479166666666668 0.0872234118486795 0.13750000000000015
2 0.5363311920057102 0.7770833333333335 0.05753033547466103 0.10416666666666657
2 0.9339400428265526 0.19583333333333336 0.04361170592433965 0.10000000000000005
2 0.8782655246252676 0.6750000000000002 0.04732334047109205 0.21666666666666665
2 0.5831905781584582 0.35416666666666674 0.028765167737330514 0.17500000000000007
2 0.4342612419700215 0.4083333333333334 0.02969307637401862 0.15
2 0.4959671663097787 0.21041666666666672 0.025053533190578178 0.11250000000000003
2 0.14892933618843684 0.22500000000000003 0.034332619557458983 0.11666666666666671
