1 0.057539346759180904 0.9023769100169778 0.09280539799867889 0.07300509337860789
1 0.2802723019560103 0.7937181663837012 0.04083437511941874 0.07300509337860774
1 0.22366100917681614 0.9142614601018676 0.031553835319550846 0.052631578947368356
1 0.6635585956905541 0.8607809847198638 0.6273644904710691 0.2784380305602707
1 0.8584499314877797 0.29796264855687604 0.14292031291796548 0.27334465195246177
1 0.9760916917332227 0.22080739123307183 0.04781661653355457 0.0918694513965341
1 0.7067131057599397 0.4915110356536502 0.1252872872982165 0.07979626485568765
1 0.5071815000627802 0.6129032258064515 0.065891832579062 0.10526315789473678
1 0.3944229414943852 0.6477079796264856 0.12621534127820333 0.09337860780984726
1 0.7252741853596754 0.3684210526315789 0.07517237237892985 0.057724957555178306
1 0.42597677681393614 0.4940577249575551 0.12807144923817687 0.13582342954159593
1 0.5651848738119544 0.3870967741935483 0.14106420495799185 0.1290322580645161
1 0.2821284099159838 0.7020373514431238 0.08909318207873174 0.10696095076400682
1 0.6965045119800851 0.29117147707979624 0.10115788381855992 0.10356536502546689
1 0.8477773107179317 0.5076400679117148 0.03805021317945844 0.07470288624787777
1 0.6890800801401908 0.5933786078098473 0.24779041265647264 0.1578947368421052
1 0.9695953138733151 0.448311635715245 0.05152883245350168 0.08507827991945432
