2 0.22588126159554733 0.48909010244413964 0.03246753246753247 0.07328385899814471
2 0.030612244897959183 0.5002419940308139 0.018552875695732843 0.050980075824796245
2 0.032467532467532464 0.6866378962652254 0.024118738404452684 0.0987738969105429
2 0.15538033395176248 0.48909010244413975 0.03803339517625231 0.054166330563846045
2 0.6261595547309834 0.48431072033556505 0.027829313543599382 0.050980075824796314
2 0.18413729128014844 0.5942365088327822 0.023191094619666047 0.054166330563846114
2 0.2481447124304267 0.6404372025490038 0.03432282003710576 0.05735258530289599
2 0.4475881261595548 0.4636000645317416 0.019480519480519477 0.06691134952004518
2 0.8427643784786641 0.4779382108574655 0.015769944341372907 0.050980075824796384
2 0.6730055658627088 0.5591877067032347 0.008348794063079765 0.022303783173348392
2 0.6781076066790354 0.45722755505364204 0.018552875695732923 0.03504880212954752
2 0.7741187384044528 0.5209526498346375 0.015769944341372907 0.0350488021295476
2 0.0774582560296846 0.5050213761393886 0.013914656771799639 0.047793821085746514
2 0.29035250463821893 0.4333306445107688 0.025974025974025993 0.057352585302895914
0 0.07096474953617811 0.55440832459466 0.05844155844155843 0.050980075824796384
