1 0.05241187384044528 0.6260990562232799 0.06215213358070502 0.0924013874324433
2 0.9628942486085343 0.3457086391869001 0.04452690166975884 0.06691134952004511
1 0.9285714285714286 0.44607566346696786 0.03525046382189245 0.10833266112769216
1 0.7884972170686457 0.3823505686859724 0.01855287569573278 0.10196015164959263
1 0.8371985157699443 0.4062474792288457 0.03988868274582558 0.06691134952004518
1 0.21103896103896105 0.4126199887069452 0.03617810760667904 0.07965636847624424
1 0.1818181818181818 0.3090667096878277 0.029684601113172525 0.08921513269339357
1 0.2509276437847866 0.39828184238122133 0.01391465677179962 0.07009760425909484
1 0.25092764378478666 0.4970557392917641 0.023191094619666047 0.08921513269339357
1 0.8460111317254174 0.5368839235298863 0.02411873840445267 0.06691134952004518
1 0.8784786641929498 0.5321045414213116 0.029684601113172563 0.08284262321529397
1 0.35111317254174396 0.5575945793337097 0.017625231910946226 0.0764701137371945
1 0.47031539888682744 0.5034282487698637 0.03525046382189238 0.057352585302895775
