2 0.5788497217068646 0.5958296362023071 0.02782931354359917 0.050980075824796384
2 0.4489795918367347 0.5990158909413569 0.02226345083487942 0.06372509478099538
2 0.387291280148423 0.6484028393966282 0.028756957328385936 0.06691134952004525
2 0.1971243042671614 0.6053884004194563 0.03803339517625233 0.11470517060579168
2 0.1345083487940631 0.5703395982899089 0.044526901669758805 0.050980075824796245
2 0.37059369202226344 0.4333306445107688 0.021335807050092796 0.04460756634669685
2 0.4341372912801484 0.444482536097443 0.014842300556586282 0.060538840041945645
2 0.6396103896103896 0.41899249818504475 0.028756957328385867 0.06691134952004511
2 0.8283858998144713 0.4381100266193434 0.06122448979591837 0.047793821085746584
2 0.5176252319109461 0.6722997499395015 0.027829313543599313 0.044607566346696784
2 0.19805194805194806 0.5161732677260628 0.025046382189239366 0.044607566346696714
2 0.19897959183673472 0.4763450834879406 0.056586270871985145 0.07328385899814471
2 0.04730983302411874 0.5177663950955878 0.03710575139146568 0.0987738969105429
2 0.12384044526901672 0.7169073162861983 0.11595547309833026 0.12107768008389129
