2 0.08211481947569281 0.5419138329688756 0.014756866108675232 0.040876312152361226
2 0.06688192542802805 0.6596376119676762 0.01570892198665428 0.04741652209673916
2 0.1394761861239304 0.6669953481551011 0.015232894047664782 0.03924125966626676
2 0.2806184700343241 0.6056808799265592 0.01856508962059145 0.05068662706892802
2 0.30680000667874796 0.4577086299350115 0.015708921986654297 0.02616083977751117
2 0.3822504350085874 0.441358105074067 0.017137005803622856 0.03270104972188904
2 0.3777281695881869 0.5451839379410646 0.015708921986654332 0.044146417124550086
2 0.4998293359389997 0.4691539973376726 0.018089061681601848 0.07521241436034472
2 0.46841149196569115 0.6040458274404648 0.01808906168160178 0.047416522096739085
2 0.4831683580743663 0.5410963067258284 0.019993173437559974 0.052321679555022274
2 0.5064937270848531 0.5894211878497141 0.02189728519351803 0.03451776777618264
2 0.2482485701830365 0.5525416741284895 0.013804810230696206 0.04251136463845562
2 0.19755159468065225 0.6432870871067317 0.013328782291706674 0.037606207180172505
2 0.23777595552526698 0.6580025594815817 0.02713359252240284 0.044146417124550225
2 0.3524986888217421 0.5901478813086619 0.013804810230696135 0.029430944749700105
2 0.334647641109635 0.6220314047875037 0.0057123352678743085 0.027795892263605636
0 0.1580412757445218 0.6931561879326122 0.27038386934604935 0.03597115469407797
0 0.37225384828980734 0.6612726644537704 0.15994538750047987 0.047416522096738876
0 0.1994557064366103 0.4397230525879726 0.1285275435271713 0.03597115469407797
2 0.8119753352220596 0.456303295566798 0.021244222070606753 0.03918720834441238
2 0.8432515510482307 0.43670969139459176 0.026358571828345417 0.05405132185436202
0 0.8078445142638861 0.4191430117919241 0.0696338390092113 0.06215902013251629
2 0.6703471880846807 0.5029225606661852 0.02911245246712781 0.037835925298053255
