1 0.6048237476808905 0.5342261904761905 0.03525046382189245 0.0614508790529198
1 0.6697588126159556 0.5025096077391996 0.0371057513914657 0.06145087905291988
1 0.7578849721706865 0.5659427732131813 0.033395176252319206 0.037663442000176704
1 0.8515769944341371 0.633340511529287 0.07235621521335801 0.07334459757929153
1 0.9002782931354361 0.6789330992137114 0.034322820037105684 0.04955716052654822
1 0.24350649350649353 0.4252004373177843 0.0417439703153989 0.04955716052654829
1 0.12198515769944342 0.6947913905822068 0.04730983302411875 0.05352173336867225
1 0.5589053803339518 0.29337839031716584 0.05287569573283868 0.10307889389522046
1 0.800556586270872 0.2458035162116795 0.07606679035250466 0.11100803957946813
1 0.9114100185528757 0.1506537680007068 0.11595547309833024 0.10704346673734431
1 0.6410018552875695 0.2804935285802632 0.10018552875695733 0.06938002473716753
1 0.8163265306122449 0.4212358644756604 0.03525046382189245 0.08523831610566304
1 0.3942486085343228 0.6006327855817652 0.03896103896103902 0.1744412050534499
1 0.3339517625231911 0.344917837264776 0.014842300556586282 0.11497261242159197
1 0.39795918367346944 0.28743153105398 0.07421150278293133 0.1308309037900875
1 0.4819109461966605 0.4142978620019436 0.032467532467532506 0.035681155579114755
1 0.5932282003710576 0.6521722325293754 0.05287569573283861 0.11497261242159197
1 0.6846011131725418 0.6947913905822068 0.08534322820037119 0.06541545189504362
1 0.8112244897959183 0.7235345436876048 0.10111317254174396 0.0911851753688488
1 0.025510204081632654 0.8118564122472407 0.05102040816326531 0.14052209025063747
1 0.051948051948051945 0.5155045922984819 0.10389610389610389 0.03942548277647909
1 0.14935064935064937 0.4499790175810584 0.020408163265306117 0.04361030126336246
0 0.23051948051948024 0.809764003003799 0.33673469387755084 0.1367777630532735
0 0.2634508348794063 0.7156053980033572 0.18552875695732834 0.13083090379008752
0 0.5027829313543599 0.7265079733191979 0.12059369202226343 0.1486714815796448
0 0.6586270871985158 0.7760651338457462 0.17439703153988872 0.09713203463203471
