2 0.2448979591836735 0.5687464709203839 0.04638218923933213 0.060538840041945645
2 0.03525046382189239 0.5305114140517868 0.024118738404452687 0.054166330563846114
2 0.08302411873840444 0.512987012987013 0.03803339517625231 0.07009760425909498
2 0.5078849721706865 0.5655602161813341 0.019480519480519477 0.05416633056384619
2 0.5589053803339518 0.5305114140517868 0.023191094619666047 0.07328385899814478
2 0.5371057513914657 0.42217875292409457 0.03153988868274581 0.054166330563846045
2 0.4615027829313544 0.48271759296604017 0.030612244897959186 0.08602887795434377
2 0.4025974025974026 0.5544083245946599 0.02597402597402592 0.07009760425909498
2 0.43692022263450836 0.41102686133742034 0.01855287569573285 0.0764701137371945
2 0.33534322820037105 0.35367427603452456 0.030612244897959117 0.057352585302895914
2 0.6103896103896104 0.3441155118173752 0.01669758812615946 0.1019601516495927
2 0.036178107606679034 0.3998749697507462 0.02968460111317254 0.07328385899814471
2 0.14053803339517626 0.5910502540937324 0.023191094619666047 0.047793821085746445
2 0.7115027829313544 0.5305114140517868 0.03896103896103895 0.07328385899814478
2 0.8446196660482375 0.44607566346696786 0.03988868274582558 0.06372509478099538
2 0.5153061224489796 0.30428732757925303 0.051020408163265356 0.07328385899814474
2 0.7300556586270872 0.2995079454706784 0.20037105751391465 0.15294022747438898
2 0.9438775510204082 0.32499798338307656 0.028756957328385936 0.08284262321529397
2 0.9443413729128015 0.4285512624021941 0.02040816326530603 0.07965636847624424
2 0.978200371057514 0.2724247801887553 0.019480519480519404 0.060538840041945645
2 0.1730055658627087 0.5990158909413569 0.019480519480519477 0.07009760425909498
2 0.2903525046382189 0.6117609098975559 0.022263450834879385 0.06372509478099544
2 0.22263450834879406 0.5161732677260628 0.022263450834879385 0.050980075824796245
2 0.7101113172541744 0.48590384770509 0.015769944341372907 0.060538840041945575
