2 0.1943413729128015 0.5751189803984835 0.0287569573283859 0.08602887795434391
2 0.12476808905380335 0.525732031943212 0.02319109461966603 0.06372509478099544
2 0.3441558441558442 0.5623739614422845 0.025974025974025993 0.06053884004194572
2 0.5125231910946196 0.5814914898765831 0.023191094619666047 0.07965636847624438
2 0.6850649350649352 0.5512220698556102 0.019480519480519404 0.08921513269339357
2 0.2662337662337662 0.6595547309833026 0.03896103896103895 0.0764701137371945
2 0.3140074211502783 0.5066145035089135 0.025046382189239366 0.0700976042590949
2 0.536178107606679 0.4381100266193434 0.02226345083487935 0.041421311607646984
2 0.5677179962894249 0.4397031539888683 0.02226345083487935 0.07009760425909498
2 0.614100185528757 0.42377188029361945 0.03896103896103902 0.1019601516495927
2 0.6753246753246753 0.41421311607647016 0.10018552875695726 0.14656771799628943
2 0.42022263450834885 0.5751189803984835 0.02968460111317249 0.09240138743244344
2 0.4564007421150278 0.5751189803984835 0.02968460111317249 0.09240138743244344
