1 0.2453617810760668 0.5987650742115028 0.07328385899814467 0.25344553405777903
1 0.4216141001855287 0.7650887059369202 0.1345083487940631 0.17424380466472314
1 0.5538033395176253 0.508475102703419 0.06864564007421159 0.1552353896103896
1 0.6702226345083488 0.6716306652531142 0.13079777365491657 0.2787900874635569
1 0.029684601113172546 0.7351680458966408 0.05936920222634509 0.4811945204516162
1 0.5807050092764379 0.7714248442883647 0.08534322820037098 0.1108824211502784
1 0.3622448979591837 0.5132272064670024 0.047309833024118716 0.06969752186588928
1 0.3529684601113172 0.923492164723032 0.051020408163265286 0.09821014444738935
1 0.2815398886827458 0.9616849919607807 0.08627087198515766 0.07321758529977529
1 0.7416512059369202 0.9276893387225019 0.07699443413729114 0.1446213225549961
1 0.758812615955473 0.5100591372912802 0.03525046382189245 0.08236979856877817
1 0.9290352504638218 0.43560951166180756 0.054730983302411856 0.09821014444738928
1 0.9930426716141002 0.6668785614895308 0.012059369202226406 0.19958835807050093
1 0.6553803339517625 0.44828178836469645 0.04916512059369204 0.0728655910416115
