2 0.4421875 0.1875 0.03515625 0.0546875
2 0.5671875 0.2546875 0.04375 0.053125
2 0.71015625 0.3359375 0.05234375 0.0484375
2 0.88125 0.2796875 0.0375 0.05
2 0.9609375 0.24453125 0.0421875 0.05859375
2 0.9671875 0.33984375 0.0421875 0.05703125
2 0.86171875 0.409375 0.0484375 0.0484375
2 0.7953125 0.50234375 0.02734375 0.04140625
2 0.8078125 0.53671875 0.0234375 0.03359375
2 0.8421875 0.6625 0.0328125 0.03203125
2 0.93125 0.7640625 0.0375 0.03515625
2 0.6375 0.6484375 0.0296875 0.04296875
2 0.60859375 0.53203125 0.0328125 0.03359375
2 0.56875 0.57109375 0.02265625 0.0453125
2 0.6140625 0.5875 0.025 0.03828125
2 0.51015625 0.6140625 0.0296875 0.0484375
2 0.45859375 0.8171875 0.0375 0.0453125
2 0.671875 0.9671875 0.0484375 0.06171875
2 0.40390625 0.87265625 0.0296875 0.03828125
2 0.36328125 0.809375 0.0390625 0.0484375
2 0.27421875 0.63359375 0.03125 0.06328125
2 0.34765625 0.42734375 0.05 0.06484375
2 0.33359375 0.16328125 0.03515625 0.06015625
2 0.06015625 0.796875 0.03515625 0.03671875
2 0.98515625 0.05078125 0.0296875 0.03203125