2 0.434375 0.05703125 0.1046875 0.0875
2 0.4234375 0.19140625 0.08515625 0.09609375
2 0.35703125 0.15390625 0.05859375 0.084375
2 0.33515625 0.265625 0.07421875 0.0625
2 0.20390625 0.22578125 0.0609375 0.075
2 0.278125 0.303125 0.06328125 0.11171875
2 0.12734375 0.053125 0.0796875 0.10625
2 0.0234375 0.12734375 0.046875 0.059375
2 0.0578125 0.04921875 0.07421875 0.0828125
2 0.103125 0.40625 0.07890625 0.11015625
2 0.13984375 0.54453125 0.10625 0.0890625
2 0.278125 0.58203125 0.1 0.1515625
2 0.4375 0.63515625 0.0375 0.075
2 0.6578125 0.72734375 0.0765625 0.11953125
2 0.57578125 0.6875 0.06875 0.1421875
2 0.153125 0.7546875 0.08515625 0.10078125
2 0.14140625 0.6453125 0.0515625 0.0765625
2 0.27421875 0.79296875 0.06640625 0.04609375
2 0.9375 0.4296875 0.0765625 0.0890625
2 0.98359375 0.096875 0.03203125 0.0640625
2 0.87421875 0.63046875 0.05703125 0.0546875
2 0.95625 0.7078125 0.0671875 0.11484375