3 0.48046875 0.83671875 0.1796875 0.08515625
3 0.72109375 0.68359375 0.18203125 0.1109375
3 0.71171875 0.77578125 0.13515625 0.07578125
3 0.68203125 0.60078125 0.2 0.12578125
3 0.57109375 0.53359375 0.16328125 0.13359375
3 0.65234375 0.53046875 0.1703125 0.08203125
3 0.6859375 0.4609375 0.1703125 0.07734375
3 0.6171875 0.415625 0.175 0.109375
3 0.59609375 0.37734375 0.16875 0.15625
3 0.43828125 0.403125 0.1046875 0.23359375
3 0.44453125 0.31015625 0.090625 0.2203125
3 0.4015625 0.2765625 0.03984375 0.24296875
3 0.371875 0.3078125 0.03515625 0.2609375
3 0.15546875 0.42890625 0.07265625 0.2078125
3 0.22109375 0.40078125 0.13515625 0.21875
3 0.26953125 0.38828125 0.1265625 0.2546875
3 0.315625 0.2953125 0.0734375 0.25
3 0.2859375 0.3453125 0.10625 0.23671875