2 0.925 0.18671875 0.03359375 0.0421875
2 0.82421875 0.128125 0.03203125 0.03671875
2 0.49375 0.35546875 0.040625 0.04375
2 0.59765625 0.28359375 0.0421875 0.02890625
2 0.684375 0.29453125 0.02890625 0.03515625
2 0.70234375 0.3875 0.0390625 0.03046875
2 0.7609375 0.43359375 0.0375 0.04375
2 0.790625 0.2734375 0.025 0.02265625
2 0.78671875 0.35859375 0.03046875 0.02109375
2 0.67890625 0.6234375 0.0453125 0.0453125
2 0.76953125 0.68203125 0.0375 0.046875
2 0.89609375 0.640625 0.04765625 0.0484375
2 0.92265625 0.91640625 0.03515625 0.03828125
2 0.53515625 0.453125 0.03515625 0.03046875
2 0.465625 0.51171875 0.0390625 0.0421875
2 0.30390625 0.54765625 0.0390625 0.0453125
2 0.04375 0.63671875 0.04375 0.04375
2 0.01796875 0.7234375 0.0359375 0.05625
2 0.06015625 0.546875 0.0453125 0.04375
2 0.19921875 0.48515625 0.05078125 0.05
2 0.51171875 0.73359375 0.03203125 0.03671875
2 0.45625 0.7796875 0.04375 0.0484375
2 0.71484375 0.93828125 0.05546875 0.06640625
2 0.45 0.94453125 0.0375 0.04375
2 0.5234375 0.83203125 0.0390625 0.040625
2 0.6375 0.7015625 0.04765625 0.03671875
2 0.36796875 0.88515625 0.0390625 0.03359375
2 0.40078125 0.97265625 0.04375 0.0484375
2 0.29609375 0.96171875 0.0609375 0.0453125
2 0.14609375 0.3828125 0.0625 0.03046875
2 0.77421875 0.07265625 0.05078125 0.0453125
2 0.3 0.02265625 0.0421875 0.03203125